XPath 2
//place[@type="country"]//geo

53 results
-1 15.5
-10 -55
-10 -75.25
-25 135
-29 24
-30 -71
-34 -64
-42 174
13.40882 122.56155
15.5 101
23 -102
27 30
28 3
28.5 -10
31.92157 35.20329
34 9
35 105
35 38
35.68536 139.75309
39 22
39 35
39.6945 -8.13057
39.76 -98.5
40 -4
40.25 45
41 20
41.90225 12.4533
42.66667 25.25
42.75 19.25
42.83333 12.83333
44.25 17.83333
44.81892 20.45998
46 2
46 25
47.00016 8.01427
48.2 16.35
49 32
49.75 6.16667
50.75 4.5
51.5 10.5
52 20
52.16045 -0.70312
52.25 5.75
53 -8
56 -4
56 10
60 100
60.10867 -113.64258
62 10
62 15
64 26
65 -18
9 -80